00000000110000000000000000000000
00000000010100000110000000000000
10110000000100110000000000011100
00100100000101000011001100010011
00110100000101000000010000001011
00110000000000000000010000001001
00000000110000000011000000000000
00000000010000000000000000000000
11110000000100010000000000000000
00010001101000000011000100000000
01100000001000000000000000000000
00110000000000000000010000001111
00000000110000000011000000000000
00000000010000000000000000000000
11100000000100010001000000000000
00000000110000000011000000000000
00000000010100010110000100000000
10011000000110100000000000000000
01100000000100011010000100000000
00110100000101000000010000011001
00110000000000000000010000010111
00110000000000000000000100000000
01101000000100000011100000000000
01010000000000000000000100010110
01100000000000000000000000000000
00110000000000000000010000011011
01101000000100000011100000000000
01101000000100010011100000000000
00100100000101000011001100101000
00110100000101000000010000100011
00110000000000000000010000100001
00000000000110100010001100000000
01100000110000001010000000000111
00000000000110100010001100000000
01110001101000001010000100001010
00110000000000000000010000100110
00000000000110100010001100000000
01100000110000001010000000001101
00000000000110100010001100000000
01100000110000001010000000010000
00110100000101000000010000101110
00110000000000000000010000101100
00110000000000000000000100010110
01100000000000000000000000000000
01010000000000000000000100000000
01101000000100000011100000000000
00110100000101000000010000110010
00000000000100100010011100000000
00010001101000000010000000000000
01101000001100000011100000000000
00110100000101000000010001000001
00110100000101000000010000111011
00110000000000000000010000111000
00000000110000000001000000000000
00000000010100100010011100000000
01100000101000000010000000001010
00000000110100100010011000000000
00000000010000000000000000000000
01100000101000000001000000001010
00110000000000000000010000111110
00000000000100100010011100000000
01110001101000000010000100001010
00000000110100100010011000000000
00000000010000000000000000000000
11110000000100010000000000000000
00110100000101000000010001001001
00110000000000000000010001000110
00000000110100100010011000000000
00000000010000000000000000000000
11110000000100000000000000000000
00010000000110100000000100000000
00010000000100010000001000000000
01110000000100100000101000000000
00110000000000000000010001001100
00001000000110100011100100000000
01100000000100100010101000000000
00100000000101000100010001010000
00001000000110100011100100000000
00011000000110100000101000000000
01100000000110101010011001001011
00100000000101000100010001110011
00100000000000000100010001101011
00000000110000000010000000000000
00000000010000000000000000000000
10010000000110100000000000000000
00010100000110110000011000000000
00000100000110111011011000000000
00000100000110111011011000000000
00000100000110111011011000000000
00000100000110111011011000000000
00000000000110111011011000000000
00001000000111000011101100000000
00010000000111010000010100000000
01010000000000000000110001100011
00000000000111011101101000000000
00110000000000000000101001100111
00110000000000000000110101100110
01000000000111001100011101100011
01100000000000000000000001011110
00010001101000000010110100000000
00000000001000000000000000000000
01110000000100010000010100000000
01110000000100010000011100000000
00011000000111100000110100000000
00000000000111101110011000000000
00110000000000000000111001100110
01100000000000000000000001100001
00010100000110100000011000000000
00000100000110101010011000000000
00000100000110101010011000000000
00000000000110101010011000000000
00001000000110110011101000000000
00100000000110111011011101110010
01110010000100010000000101110000
01100000000000000000000000000000
00100000000000000100010010110011
00000000110100100010011000000000
00000000010000000000000000000000
10010000000110100000000000000000
00000000110000000010000000000000
00000000010000000000000000000000
10010000000110110000000000000000
01010000000000000000101110100000
00110000000000000000101110010111
00010000000111010000101100000000
00110000000000000000101010011011
00010000000111100000101000000000
00011000000111010000110100000000
00000000000111011101011000000000
00100000000111001110110110011110
00011000000111010000110100000000
00000000000111011101011000000000
00010000000100010000011000000000
00010000000111000000110100000000
00011000000111000000110000000000
00000000000111001100011000000000
01000000000111111110110010001111
00011000000111000000110000000000
00000000000111001100011000000000
00110000000000000000111110010011
00000000000100010001011000000000
00000000000111001100110100000000
01100000000000000000000010000110
00010000000111100000010100000000
00010000000111010000000100000000
00010000000111110000010100000000
01100000000000000000000010100100
00000000000111101111110100000000
00000000000111010001011100000000
00010000000111110000010100000000
01100000000000000000000010100100
00011000000111010000101100000000
00000000000111011101011000000000
00010000000000000000101000000000
01100000000000000000000001111101
00011000000111100000101000000000
00000000000111101110011000000000
01100000000000000000000001111111
00010000000111010000010100000000
01100000000000000000000010101010
00010000000111010000010100000000
00010000000111100000011100000000
00010000000111110000011100000000
01100000000000000000000010101010
00110000000000000000101010100111
00110000000000000000101110101000
01100000000000000000000010101010
00110000000000000000101110101010
00011000000111010000110100000000
00000000000111011101011000000000
00000000000100100010011100000000
00000000000100100010011100000000
00010001101000000010110100000000
00000000001000000000000000000000
00000000000100100010011100000000
00010001101000000010111000000000
00000000001000000000000000000000
01110000000100010000111100000000
01100000000000000000000000000000
00000000011000000000000000000000
